datetime,ESo,ESh,ESl,ESc,volume,adl,atr,delta
12/31/2020 16:00:00,3715.5,3743.5,3705.5,3739.25,916959,21824044.43,45.69,-28380
01/04/2021 16:00:00,3739.5,3763.75,3643,3682.75,1960565,21154286.2,51.05,-28848
01/05/2021 16:00:00,3685.5,3720.5,3663.75,3708.75,1355936,21948733.28,51.46,7409
01/06/2021 16:00:00,3708,3765.25,3676,3731,2070918,22430207.21,54.16,-15890
01/07/2021 16:00:00,3743,3794.5,3732.5,3786,1250100,23337537.86,54.83,-22447
01/08/2021 16:00:00,3788.25,3815,3765.5,3808,1546346,24446533.47,54.45,8203
01/11/2021 16:00:00,3806,3811.25,3767,3782.5,1255317,24070647.59,53.72,-2451
01/12/2021 16:00:00,3784.75,3797.25,3758.5,3785,1195417,24510252.55,52.65,-5334
01/13/2021 16:00:00,3782.5,3804,3767,3794.25,1011649,24988735.19,51.53,-16701
01/14/2021 16:00:00,3799,3808.25,3776.75,3781.75,1129704,24217667.38,50.1,2842
01/15/2021 16:00:00,3783.5,3788.25,3732,3752.75,1702100,23771338.94,50.54,4295
01/18/2021 12:00:00,3743.75,3759.5,3740.5,3759,101447,23867446.62,48.29,-1704
01/19/2021 16:00:00,3759.75,3787.5,3758.25,3781,1106686,24482272.17,46.93,-8951
01/20/2021 16:00:00,3787.25,3843,3779,3835.5,1198295,25399716.78,48.15,7217
01/21/2021 16:00:00,3832,3850.25,3827,3836.5,1028321,25211744.13,46.37,14274
01/22/2021 16:00:00,3837.25,3839.5,3803.75,3824.75,1138129,25410717.73,45.61,23191
01/25/2021 16:00:00,3826,3843.75,3779,3839,1723103,26881010.25,46.98,-5735
01/26/2021 16:00:00,3835.5,3852.75,3812,3833,1155765,26916463.17,46.53,-15168
01/27/2021 16:00:00,3835.75,3843.5,3697,3734.75,2503399,25703211.77,53.67,15765
01/28/2021 16:00:00,3725.75,3814,3694,3769.75,2086091,26250810.66,58.41,-18355
01/29/2021 16:00:00,3760.75,3767.75,3676,3695.75,2590152,24775764.97,60.93,15471
02/01/2021 16:00:00,3682.75,3767.5,3647,3756.25,1633594,26104331.05,65.19,16304
02/02/2021 16:00:00,3755.25,3826.25,3750.5,3808.75,1381364,26847441.05,65.94,26436
02/03/2021 16:00:00,3820,3834,3798.25,3814,1240418,26699978.77,63.79,-5750
02/04/2021 16:00:00,3823.25,3860.25,3801.75,3855,1107363,27608584.31,63.41,397
02/05/2021 16:00:00,3854.75,3878.75,3850.5,3870.75,1077433,28075789.77,60.9,-10605
02/08/2021 16:00:00,3879.5,3901.75,3876,3901,936974,28958182.76,58.76,1721
02/09/2021 16:00:00,3901,3903.75,3885.5,3896,861426,29087986.68,55.87,-5112
02/10/2021 16:00:00,3902.75,3919,3868.75,3893.5,1529419,29065159.53,55.47,-27347
02/11/2021 16:00:00,3897.5,3911,3875,3902.5,1265842,29733242.81,54.08,-32422
02/12/2021 16:00:00,3895.75,3926.75,3880.75,3921.5,990673,30497783.93,53.5,10615
02/15/2021 12:00:00,3927,3942.5,3925.25,3941,129800,30605010.01,51.18,16370
02/16/2021 16:00:00,3941.25,3949.75,3909.25,3918.25,1287477,29889745.01,50.42,-13093
02/17/2021 16:00:00,3919.5,3922.75,3887,3917.5,1356896,30848112.12,49.37,-18744
02/18/2021 16:00:00,3918.75,3926.5,3871,3900,1497632,30915573.02,49.81,7085
02/19/2021 16:00:00,3901,3921.5,3880.75,3893.5,1371566,30402287.58,49.16,-13954
02/22/2021 16:00:00,3896,3905,3851.75,3864,1474316,29606295.38,49.45,-21590
02/23/2021 16:00:00,3868.5,3886.5,3795.25,3868.5,2225502,30953791.11,52.44,7504
02/24/2021 16:00:00,3866.75,3918.25,3842.25,3913,1886757,32579877.73,54.12,-7697
02/25/2021 16:00:00,3914,3925,3800.75,3818.5,2812267,30571115.59,59.13,-25971
02/26/2021 16:00:00,3813.75,3849,3775.5,3799.75,2880868,29591228.52,60.16,-32491
03/01/2021 16:00:00,3807.75,3902.5,3803,3889.25,1628865,30786275.2,63.2,4573
03/02/2021 16:00:00,3893.75,3897,3856,3858,1598273,29343931.27,61.61,-18371
03/03/2021 16:00:00,3858,3888.5,3803.5,3807.25,2143674,27389404.98,63.28,-51656
03/04/2021 16:00:00,3808.5,3832.75,3711,3756,3127952,26573696.76,67.46,26635
03/05/2021 16:00:00,3756,3840.5,3719,3829.5,2845495,28903958.09,71.32,51498
03/08/2021 16:00:00,3845.25,3869.25,3786.75,3809.75,2139467,27957406.03,72.12,-14585
03/09/2021 16:00:00,3821.75,3891.75,3816.75,3863.75,1627416,28369684.75,72.82,-19165
03/10/2021 16:00:00,3869,3906.75,3846.75,3887,1727902,28960051.26,71.91,-47095
03/11/2021 16:00:00,3898.25,3949,3883.25,3927.25,148951,29010456.74,71.47,-48744
03/12/2021 16:00:00,3928,3938.5,3900.75,3932.75,899624,29636023.09,69.06,-52778
03/15/2021 15:00:00,3937.5,3960.25,3913,3958.25,1049125,30596333.28,67.5,11037
03/16/2021 15:00:00,3957.75,3970.75,3942.75,3952.5,1332390,30191857.74,64.68,20971
03/17/2021 15:00:00,3957.25,3973.5,3925,3963.5,1659088,31166785.74,63.52,-11606
03/18/2021 15:00:00,3962,3978.5,3900.5,3906,1958392,29484577.23,64.56,-23754
03/19/2021 15:00:00,3910.75,3923.5,3875,3899.75,1962769,29525046.69,63.41,-48633
03/22/2021 15:00:00,3893.5,3944.5,3885,3930,1282726,30182578.51,63.13,17901
03/23/2021 15:00:00,3933.25,3938.75,3890.5,3899.75,1844331,29045400.33,62.07,-43671
03/24/2021 15:00:00,3905.75,3931.5,3877.5,3880.75,2024637,27264469.63,61.49,-72288
03/25/2021 15:00:00,3882.75,3909.5,3843.25,3900.5,2248755,28902242.14,61.83,-87269
03/26/2021 15:00:00,3907.5,3968,3900.75,3964.75,1928959,30644759.01,62.24,-138134
03/29/2021 15:00:00,3962.25,3971.25,3928.75,3959,1962949,31476125.64,60.83,-165047
03/30/2021 15:00:00,3965.25,3968.5,3933.75,3947.75,1567282,31171689.57,58.96,-171350
03/31/2021 15:00:00,3949.5,3983.75,3941.5,3967.5,1564034,31532620.5,57.77,-172054
04/01/2021 15:00:00,3967.5,4015.25,3964.5,4010,1173357,32463213.98,57.27,7027
04/02/2021 07:15:00,4014.5,4038,4010,4010,64294,32398919.98,55.18,11122
04/05/2021 16:00:00,4030,4073.75,4021,4067.75,1205650,33330298.89,55.79,28078
04/06/2021 16:00:00,4069.75,4076,4052.25,4064,1233030,33317319.63,53.5,-40742
04/07/2021 16:00:00,4067,4075.5,4056.5,4070,1070979,33768258.15,51.04,-66445
04/08/2021 16:00:00,4074.25,4098.5,4072.5,4089,964789,34028009.04,49.43,-78540
04/09/2021 16:00:00,4098,4121.5,4081,4119.5,1034519,34960353.32,48.79,-84749
04/12/2021 16:00:00,4114.25,4124.5,4104.5,4120.25,1044757,35561088.6,46.73,-85240
04/13/2021 16:00:00,4122.75,4139.75,4101.25,4132.75,1040600,36223288.6,46.15,5224
04/14/2021 16:00:00,4134.75,4144,4113,4118,1493906,35211287.76,45.06,-30227
04/15/2021 16:00:00,4123.5,4166.5,4119.5,4162.5,1238164,36238700.44,45.31,-32917
04/16/2021 16:00:00,4162.75,4183.5,4154.25,4176.25,1242937,36865480.63,44.16,5866
04/19/2021 16:00:00,4165,4174.75,4141.75,4155.5,1584503,36601396.8,43.47,15632
04/20/2021 16:00:00,4156.25,4167.25,4110.5,4126.5,1663629,35875849.35,44.42,-3127
04/21/2021 16:00:00,4121.25,4167.25,4113,4164.75,1476152,37215950.48,45.12,31510
04/22/2021 16:00:00,4157.5,4171.75,4115.25,4127.75,1923842,36143366,45.94,-1056
04/23/2021 16:00:00,4129,4186.75,4127.5,4171.5,1459753,36851684.96,46.89,25097
04/26/2021 16:00:00,4170.75,4186,4163.75,4179.5,988903,37262801.94,45.13,29696
04/27/2021 16:00:00,4181.5,4192.5,4166.75,4179,962904,37216059.03,43.74,-18420
04/28/2021 16:00:00,4180.25,4193.75,4172.75,4176.25,1251658,36381620.36,42.12,-28648
04/29/2021 16:00:00,4184.75,4211,4168,4203.5,1719353,37501199.06,42.18,-76269
04/30/2021 16:00:00,4200.75,4201.5,4167.25,4174.5,1848817,36435092.91,41.76,-92158
05/03/2021 16:00:00,4181.5,4202.5,4181,4183.5,1202363,35512349.21,40.77,-124091
05/04/2021 16:00:00,4184.25,4185.5,4120.5,4158.25,1964334,35829664.7,42.51,-146431
05/05/2021 16:00:00,4158.25,4180,4153,4160,1382314,35164106.11,41.4,-180853
05/06/2021 16:00:00,4158.75,4197.25,4140.5,4194.25,1719974,36702232.64,42.49,-205480
05/07/2021 16:00:00,4197.5,4232.25,4191.75,4225.25,1604552,37752124.69,42.35,-212422
05/10/2021 16:00:00,4226.75,4238.25,4172,4183.5,1627288,36689781.95,44.06,-256922
05/11/2021 16:00:00,4176.75,4185.5,4103.75,4146.25,2484084,36788537.59,46.75,38268
05/12/2021 16:00:00,4140,4150.5,4051,4058.75,2570940,34618095.78,50.52,47412
05/13/2021 16:00:00,4053.5,4126.75,4029.25,4107,2331195,36004857.93,53.87,56899
05/14/2021 16:00:00,4112.5,4178.25,4105.25,4169,1459390,37094402.52,55.24,83647
05/17/2021 16:00:00,4169,4178.75,4136.5,4157.75,1441137,37102929.96,54.31,88773
05/18/2021 16:00:00,4159,4179.5,4111.5,4123,1249773,36275874.3,55.29,-12803
05/19/2021 16:00:00,4114,4123,4055.5,4111.5,2259711,37765609.7,56.16,-18463
05/20/2021 16:00:00,4107.75,4169.25,4084.5,4154.25,1441354,38696749.89,58.2,18028
05/21/2021 16:00:00,4152.5,4185,4147,4151.75,1414821,37635634.14,56.76,-26371
05/24/2021 16:00:00,4151.5,4206.25,4142.5,4193.75,1012494,38251071.67,57.26,-39119
05/25/2021 16:00:00,4199.25,4212.75,4179.25,4185.5,1191948,37503880.39,55.56,-55673
05/26/2021 16:00:00,4188,4204.25,4180.5,4193,1030939,37558140.34,53.29,-61392
05/27/2021 16:00:00,4193,4211.5,4177.75,4199,1157631,37858266.89,51.9,-75851
05/28/2021 16:00:00,4211.25,4217.5,4201,4202.5,1033002,37013083.44,49.51,-93457
05/31/2021 12:00:00,4206.5,4210.25,4190,4191.25,103625,36922251.65,47.42,-93716
06/01/2021 16:00:00,4192,4230,4191.75,4198.5,1224035,36130229,46.8,-112847
06/02/2021 16:00:00,4198.5,4215,4190.75,4206.25,1024061,36415276.91,45.19,-113928
06/03/2021 16:00:00,4208,4213.25,4165.25,4191.25,1356869,36528349.32,45.39,-127561
06/04/2021 16:00:00,4190.75,4232,4177,4228.25,1002835,37394434.1,46.08,-148700
06/07/2021 16:00:00,4232.25,4232.5,4214,4225.5,877240,37607816.8,44.11,-159300
06/08/2021 16:00:00,4227.5,4236.75,4205.75,4225.75,1207661,37958428.06,43.17,-160367
06/09/2021 16:00:00,4225.5,4235,4217,4218.5,940140,37174978.06,41.37,-176675
06/10/2021 16:00:00,4222.25,4249,4207,4238,1220350,37756097.1,41.42,15266
06/11/2021 16:00:00,4239.5,4247.75,4230.75,4245.75,382989,38048971.05,39.67,-2499
06/14/2021 16:00:00,4248,4257.5,4233.5,4254.75,244132,38237156.13,38.55,2392
06/15/2021 16:00:00,4255.25,4267.5,4238,4246.5,207579,38149198.93,37.91,10439
06/16/2021 16:00:00,4248,4251.25,4200.75,4223,259838,38118327.08,38.81,-3646
06/17/2021 16:00:00,4214.25,4232.5,4193,4222.25,192739,38211036.98,38.86,6307
